
Timestamp: 2024-11-22T12:51:59.745Z
Latitude: 28.18263868451263
Longitude: 76.63988510046327
Accuracy: 35 meters
----------------------------

Timestamp: 2024-11-22T12:52:01.343Z
Latitude: 28.18263868451263
Longitude: 76.63988510046327
Accuracy: 35 meters
----------------------------

Timestamp: 2024-11-22T12:52:02.259Z
Latitude: 28.18263868451263
Longitude: 76.63988510046327
Accuracy: 35 meters
----------------------------
